13316979929,
13856001673,
2086028699,
18925081178,
18320950818,
13027909147,
13925257243,
13312943332,
13619046836,
15019451069,
13434482231,
15115339696,
13422258008,
13389220060,
13266612570,
15358162973,
13588828653,
13632598923,
13590313762,
15019217636,
13823137547,
13760338406,
15914162387,
11111111111,
13713547465,
15018531185,
18718792932,
15869565365,
15814879812,
13502812521,
13410852990,
13751168632,
13632565117,
13478600673,
13718724059,
18925293338,
18028215003,
18028215003,
15359965789,
13914391510,
13791137535,
13823081255,
15876640058,
15678044432,
13509833255,
13818217121,
13912265570,
15919176246,
11111111111,
18922913082,
18922870266,
13122351645,
15913137219,
15913137219,
13543025281,
13750086376,
15819498344,
13500142236,
13527281467,
15019975117,
15819409668,
15989780096,
15088712051,
13690362895,
18666941220,
13809087953,
18607141670,
13543345304,
15621218811,
13376139461,
15000835612,
13631230949,
1,
11111111111,
13417739412,
15851197020,
13168734302,
13710917176,
13570391642,
15217174676,
2081328888,
18621301825,
18874098600,
13528779111,
13702257210,
15363813003,
13535675987,
18318738782,
18924560481,
18025967555,
13774661234,
15698573559,
13437539508,
15258986611,
18801777674,
15258986611,
15507297666,
15258986611,
13656553001,
15120662277,
18072967163,
13411484131,
15359559981,
13408587283,
18366207115,
18680014171,
15618667816,
13358860357,
15635677893,
13800655387,
15813966785,
13902445188,
18673797965,
18937205058,
13501778808,
13689558360,
13912794717,
18551132302,
18606206125,
18662287886,
18312676672,
18901277932,
13750382766,
13736444893,
13051331650,
13684827255,
15362656587,
18682076459,
18664317632,
13178828148,
13712298100,
18905905268,
18247934997,
18905905268,
18276733688,
15800035400,
18815335398,
13927298815,
15013426022,
13823502349,
13434731525,
13434447635,
18600890951,
15503958620,
13049495337,
13714211795,
13392183355,
15915433115,
15012796269,
13660700231,
13147000823,
13724367854,
18680307420,
13537708092,
18681509149,
15019457227,
13410728160,
13530056107,
13689542946,
13775011711,
18929372051,
13670263215,
13717071217,
13267150072,
13612878513,
13715080006,
13902317330,
13476248456,
13632691575,
13691876367,
15675484281,
13823502349,
13925244118,
13556867889,
13923803896,
13711670272,
15915481427,
18664921139,
13530359534,
15989364051,
13713524065,
18320840941,
13509610717,
13713832060,
13760182487,
13600189279,
15817523269,
13715002237,
13418764151,
18898724986,
15394254030,
15766989639,
13534091287,
13246675342,
13246675342,
15622279973,
13410835721,
13414450637,
13751099325,
15120023889,
15120023889,
34235545234,
13111111111,
13532811737,
13927910079,
15012796269,
18651189665,
18966017828,
1313767440,
18824317774,
15112465742,
13798262078,
15012686961,
18565672026,
13410165865,
13428713437,
15112358800,
13265437903,
13510411432,
15819850063,
13825228825,
13500048137,
15710801001,
13423701985,
13800138111,
15016864300,
13265484188,
13410604061,
13728850598,
13076970265,
15934888115,
18728747498,
13418791545,
18912569586,
44444444444,
13636437795,
18928312737,
13085338232,
15914728319,
15019817689,
13824285359,
13760155051,
13026649996,
14718178181,
18902479275,
13418914409,
13266646444,
18603003530,
15999592715,
15013668870,
13554918684,
13590269644,
15814070055,
13652449626,
15999541520,
13266646444,
18806652315,
15914192013,
13410919652,
13480196030,
13768763663,
13588728212,
15920032886,
15013618420,
13631591827,
15814095383,
18320961210,
15680439897,
15210913601,
15999540162,
13537735169,
15915332720,
13925029336,
15811824551,
18007039188,
18608711557,
13301668335,
13543900000,
13609386352,
13664724753,
18606520198,
15067143280,
13018363281,
13921573399,
15258896829,
18857861990,
13918697438,
13758261653,
15914373700,
13758237992,
13003683037,
15824423950,
13857127772,
13480022259,
18831120350,
18831120530,
13790092537,
15395826933,
18602355173,
13902205744,
13798356091,
13758127286,
15014926441,
13556859336,
13556859336,
15007677116,
18602184288,
13544101962,
13537043050,
15915893758,
13398989108,
13418985212,
18711108062,
18711108062,
18611367725,
13398989108,
15538287782,
12345678901,
13307357755,
18666735001,
13768763663,
13532811737,
13532811737,
13532811737,
13613057030,
13537043050,
18382921555,
13537043050,
13537043050,
18019200721,
13794306312,
18925792410,
13434555612,
13970832281,
18925792410,
15986719103,
13342676505,
13650320821,
13342662339,
13412138976,
15870000864,
18607096253,
13879133277,
15170487877,
13647000329,
13925552119,
13528335855,
13790288276,
15286870902,
13427846103,
13711965509,
13712210474,
13434885134,
13129450882,
15382807780,
15999813935,
13416966555,
13412785618,
13728399786,
13544812230,
18123922020,
15900405136,
13735419396,
13809646705,
13800138000,
13602891149,
13530557351,
18606521779,
13717729940,
13520791867,
13800138000,
13913956748,
18301396581,
18937205058,
18658225138,
13202802525,
15355891659,
13586551883,
13779695684,
15640106888,
13434085868,
13588605665,
13802700661,
15267960756,
15711332258,
18810794552,
15501221543,
15201009671,
15715359951,
15810613270,
18631712298,
13530064221,
18662878496,
13532811737,
13532811737,
13619272369,
13543706606,
13818217121,
13566765555,
13219086541,
13554716771,
13751734316,
13545478414,
13512141474,
13798703459,
18688387123,
18501185706,
13570642366,
18637149324,
18922870266,
13451397398,
13372171846,
13798403092,
18318822265,
18819022223,
13316921321,
13249422234,
13977164128,
85512525598,
15875210828,
18661459275,
18666988245,
13713005358,
13106708014,
13030157697,
13717765417,
12345678900,
13976419969,
15851197020,
18728000271,
13674153888,
13697726839,
13331992977,
18015225846,
13817007492,
18602163052,
18688387123,
15035899656,
18803598956,
18015225846,
13985448687,
13507420068,
13157839240,
13157839240,
13699142800,
13590663151,
18919628498,
13161122731,
13702996202,
13839139222,
15850074101,
13369566682,
15800079455,
13839139222,
15173004459,
18015225846,
15858147672,
18787360625,
15281001812,
88888888888,
18070922088,
13630183349,
15959028591,
18055126012,
13226046735,
13333333333,
15869259198,
13362924912,
15715359951,
13976419969,
13910451444,
18677006503,
15054584444,
18637149324,
13526555701,
15939032095,
18098945498,
18307596667,
18307596667,
18396401203,
13715168090,
15617762379,
15520645599,
15950929889,
18973039823,
13961655741,
13684904183,
13961655741,
15542005591,
13718721700,
13318918911,
18059063598,
13590192132,
18359278830,
13713280789,
13570420290,
18057139875,
15900986182,
15900986182,
18689234025,
18258257783,
13616064594,
15058121773,
1828403039,
15868896252,
18868879537,
13758160561,
18001201955,
13588746266,
15068812202,
15844491180,
15510523823,
15988133779,
13758118390,
18984813430,
15558289510,
13666623767,
18600080808,
13738046842,
15267893761,
18757854638,
15088648204,
18758850946,
15201797779,
18665088885,
18767138328,
18928058496,
18928058496,
13703663405,
18688879205,
13331067066,
13968160252,
15268163300,
13738192356,
13666695397,
13568875067,
13568875067,
13207802780,
13528867139,
18688950926,
18682302798,
13823659996,
13595037907,
15878801144,
13675945358,
14718174902,
18818870796,
18520843798,
15851350072,
18072851727,
15716293370,
18071604886,
15190931083,
13642332639,
13016372799,
18657215725,
13861747093,
13538057413,
13199913843,
18015228297,
13333333333,
18922866610,
13328085843,
13814818370,
13261085548,
13057063663,
13708641490,
18657817192,
13951312192,
15325396888,
13828451685,
18851312537,
13511591487,
15651311720,
15962976007,
18912276319,
18912278319,
15366348155,
15962988172,
13438381693,
13538236636,
13538236636,
18017638938,
15951313296,
15951311207,
15262731080,
15190894291,
18206277150,
15950869073,
18761662155,
13706868993,
18752869895,
15162780180,
18183021102,
15319711250,
13576784050,
15084991860,
13798076113,
13417763563,
18298029852,
18358182179,
15268110472,
15197116676,
18638090390,
15917396693,
18680536956,
15920571641,
18664684342,
13857162836,
18601264066,
15112283332,
18868794670,
13640995693,
15273073168,
15273073168,
18821883277,
13789018875,
13798463819,
15873097694,
18673097511,
18873008608,
13873055297,
15915355232,
13682450315,
13168734302,
18710833648,
15889510915,
15813718703,
15112582883,
13537663984,
13913589830,
13538209600,
13530941197,
18820968080,
13316469273,
15159371701,
13048819180,
13424274944,
13715049541,
13602651513,
13715077593,
13430764003,
11111111111,
15915355232,
13410536593,
13631689299,
13424246491,
18123792500,
13423880004,
13958529883,
13113697559,
18938047957,
13244858886,
18898567853,
13267190263,
18675528578,
13684970325,
18736023578,
18122870168,
18501743566,
15359965789,
13139229266,
15012805810,
13590168237,
18774985559,
13670128187,
13714960583,
15002866278,
13530242820,
13423715337,
13631689299,
15999680919,
13809895102,
18059063598,
15882121572,
18665535221,
13043018587,
15875210828,
15875210828,
18924096074,
18858580190,
13823253883,
13808800888,
13923811351,
14759220330,
13723455659,
13701704575,
15000539391,
13697357636,
13610105537,
13536756441,
18758155849,
15313007099,
15699896628,
18080801890,
13268266668,
13268266668,
13268266668,
13268266668,
18507725567,
13861906962,
15802459037,
13037218366,
18888056886,
18061464849,
13714634624,
13714634624,
15273073168,
13975066138,
13762065175,
13707318059,
15842815590,
13975018660,
15873008055,
13007305021,
15873079531,
15573066996,
13487701581,
13487701581,
13487701581,
18073501115,
18603469980,
18973022728,
13728772030,
13937032896,
13537043050,
13700871839,
15312625466,
18658037958,
13949209617,
13937960074,
15351892116,
18736281317,
13700871839,
18838227057,
18838227057,
13557813394,
13557813394,
18666666666,
15202438946,
15651661383,
15141535558,
15141535558,
15842564567,
13941543738,
18241534497,
18841533177,
13464553229,
13941533630,
18028688370,
13841533769,
13942573076,
13942527253,
13941523375,
15141535558,
13324289788,
15141593369,
18312488989,
15842564567,
13591511342,
13842533981,
13942543058,
15942570726,
18933373538,
13942573734,
13941546898,
18761713332,
13941524437,
13134150798,
18698433358,
13570391642,
13842503447,
13898503853,
13841510046,
13841583918,
13841501546,
13941553901,
13604953879,
13604953879,
13898504568,
13942573505,
13229995138,
15986313010,
13130524288,
13604153812,
15842583366,
13324151888,
13718109172,
18976645789,
15241584888,
15641580878,
13274156209,
13700157206,
13470496777,
13604957539,
13236974088,
13516073735,
13942523794,
13470079918,
13941546573,
13470496777,
13842563099,
13842553575,
15141563305,
15104153988,
15550749000,
18842951706,
18841533777,
13841503957,
13841501546,
13322172988,
13898504313,
13942534178,
18660772212,
13322172988,
13019695263,
13942563707,
13394266878,
13704252436,
13942533701,
13941533287,
13614156690,
18150705072,
13710917176,
13942593359,
13841513957,
13700186601,
13841504270,
13480981181,
13704153297,
13941565047,
18741598188,
13841513803,
13942593359,
15875210828,
13941553595,
13700157206,
13183333166,
13464533559,
13229914083,
15174163008,
13229995138,
13229995138,
18242503390,
13372983212,
13229914083,
13229914083,
13704254097,
13229914083,
15841533922,
13841503233,
13229995138,
13229995138,
13942593118,
13644150567,
13470469900,
15141566678,
13470063227,
13842543042,
15211010999,
13591503267,
13941546285,
13942593118,
18976645789,
13841547190,
,
13841504270,
13470056010,
13941503759,
13704953291,
15241569333,
13591504565,
13470056010,
14704156647,
,
13322172988,
13358775188,
13942523944,
13640809694,
13878943055,
18939738912,
15821742452,
312312,
13751360201,
13751360201,
13751360201,
22276381,
2276381,
1,
13401209098,
1,
15992222947,
110,
15901536189,
18049065384,
13560463905,
13302287848,
13302287848,
8866927,
13391806977,
18666018086,
15915871851,
13910319163,
13355691002,
13826470152,
13719461754,
13790028021,
13688897043,
13602771037,
13570536468,
13560094004,
15363044283,
12346578901,
13928415525,
18620718068,
13570568789,
13725146096,
18588857770,
13928867999,
15312590980,
18929571140,
18820139221,
13867176671,
15876514779,
13580490582,
12313123,
13782366620,
15811856601,
13826456815,
13902255112,
18967146014,
15113810109,
15312590980,
15867445538,
13606878788,
18268584511,
13634233339,
7947030107,
7947100106,
13987661660,
111111111,
18507660367,
18028747498,
15099944488,
15099944488,
18575812333,
28186989,
18680548594,
18620296203,
13925056515,
15339199987,
13610018177,
13924039429,
15013596308,
13527675687,
15920116767,
1512228636¨¦¡ª?????€??€???€???
13544538988,
15360438579,
13925052011,
13059183513,
13922117030,
13926044288,
18984031888,
18620737561,
13607835821,
15322218990,
13903010139,
13702427128,
13360523192,
12345678910,
5927896621,
22276381,
7727262269,
13823253883,
13861131200,
22276380,
,
13660429385,
13660429385,
13808813892,
,
15822783016,
13876746538,
18907610898,
15979987682,
18689852612,
13208922051,
15012628021,
15098329991,
15158157338,
15878289018,
1,
13712332117,
13868416033,
18665037980,
11,
11,
1,
13689575986,
1,
11,
1,
1,
1,
1,
1,
11,
1,
1,
1,
1,
1,
1,
1,
1,
111111,
1,
18965185186,
13316802089,
13972401164,
8834205,
84553418,
123456789,
15015998834,
666,
13991391346,
123,
69233272,
12334235,
,
18016535236,
13991391346,
18826819007,
13377725955,
1,
15911068380,
18218597757,
15929994493,
18254208882,
13925105535,
18657657145,
13576595238,
13576595238,
15190877207,
66637318,
15333809599,
13408922335,
13579246810,
15659082525,
15060773219,
15515915861,
15874931113,
13886592628,
13886592628,
12355448845,
12345678988,
15170393930,
15160435988,
12345678910,
15572120252,
15728480206,
13901007854,
13901007854,
1345115544,
13886592628,
15292856545,
,
13681850220,
18688392292,
13956685222,
18507725567,
13877256429,
18641606761,
13924648585,
13977924360,
13977924360,
465776576,
18205873139,
13560887225,
111111,
13730642484,
18200249870,
15928085603,
15567690966,
15858012392,
13729869962,
13926960180,
13426458168,
13426458168,
13486500707,
89515762,
13801387509,
18049557457,
5999632,
15306653637,
15363736282,
18254361765,
18772305209,
13726150474,
1111,
111111,
,
13694150678,
13388797358,
15876628908,
13617715236,
13818217121,
12345678963,
5555555,
13722202877,
15851156156,
13631206411,
18251026117,
13868630099,
13057978060,
13868681287,
11111111111111100000,
15589848430,
88832299,
13888888888,
87011111,
13714004646,
13725513979,
18017530316,
13979415275,
13927418786,
13662628158,
15811807732,
18925516371,
13100000000,
111111,
111111,
15605840524,
15958280200,
13559212363,
13692162218,
13760278640,
18235982522,
14759220330,
14759220330,
7314823112,
13874838959,
15364052272,
13787042116,
13975127003,
18229860346,
15200382031,
13272079861,
18073190783,
13760060885,
66580310,
1,
1,
13983238558,
13808856224,
1,
87886774,
15589848430,
18742673346,
18742673346,
13438381693,
18922808732,
18760516681,
13588832056,
13726002136,
15008988254,
15800169998,
13772000444,
15103003005,
13903014526,
15142115151,
9918802142,
123,
13878943055,
633123456,
63377108,
18612905671,
13520948638,
13264361219,
15011385155,
13810971785,
13671103759,
111111111111111000,
15010122567,
18610056957,
15901168844,
15010047194,
13911249702,
15301118586,
13161750696,
13001081661,
18610649123,
13691532433,
15210807912,
15232859459,
2388888888,
13108918395,
18908684665,
65697730,
18029603857,
13923381117,
13309923268,

65697730,
51016389,
15959572122,
13537045706,
15875210828,
13623836121,
1,
111,
111,
18629436176,
2586787678,
13902278472,
15510783335,
18958808162,
13355238627,
51260339,
51260339,
13802910781,
13320503990,
13211760689,
13320503990,
13320503990,
13108805010,
13320503990,
13320503990,
13187854898,
13619630124,
15288462434,
13187826358,
13085336825,
18214254076,
13888004379,
13888962638,
13320503990,
13320503990,
13170630866,
15924907469,
15025138639,
13619634526,
13529138346,
15007695463,
13726291989,
13471000633,
12131213121,
18508305716,
15818955565,
15397430000,
13701704575,
13701704575,
18947732548,
13676027838,
18925049968,
18925049968,
13764436000,
66780602,
13725878318,
13802550508,
13760241916,
88888888,
88297375,
13400837725,
,
13913589830,
13355238627,
13636368936,
215,
15511316669,
18751321572,
18888054445,
13020095353,
13424341942,
13760343703,
13712298100,
13476997699,
18924610659,
15984671576,
13822706073,
13824523659,
18924849911,
15913137219,
15913137219,
15913137219,
15913137219,
15913137219,
15913137219,
15913137219,
13630092249,
15913137219,
15913137219,
15913137219,
53185106927,
13624312543,
13922036223,
123,
15913137219,
1,
18789807112,
18682181976,
13905329999,
15172350713,
18923178424,
15920417046,
15262752121,
15051289936,
222,
11111111111,
15913137219,
13350021311,
123,
15896273767,
123,
15029084269,
13425501036,
18823189800,
15222337205,
11111111111,
18922870266,
18002560360,
2008,
13138301026,
13138301026,
15913137219,
18665835388,
18888056843,
15977454326,
,
13784992780,
18664317632,
18665835388,
18665835388,
18926893210,
13715302407,
13612843332,
18038033616,
15817449482,
13670168219,
18825279963,
13410984956,
13554769986,
13076967169,
18718798712,
18823209295,
15578023293,
15818777689,
15207557089,
18682151923,
13570487878,
18665835388,
7947103107,
7947103107,
18610265262,
13627291138,
8864695,
18679208820,
15625057116,
13690918965,
13580534801,
15817126171,
15920122530,
18789117203,
13020095353,
18819162470,
13929547673,
13642320169,
15172178585,
15058914516,
13387505653,
18680220911,
18615614029,
13609069741,
15918790234,
13725359937,
13387505653,
13825182266,
13668945831,
18520526086,
13763380546,
13288837738,
13549479457,
15986343041,
13652902828,
18002270723,
15918775542,
13928848173,
13450387406,
18664808388,
18688610930,
123456,
15256035535,
15173004444,
15017597144,
18520739006,
13411155300,
18620135235,
13416101866,
15918743128,
13059183960,
18929500670,
18675822919,
13286851055,
15121032833,
13352894716,
18620114695,
15812332345,
18588861187,
13229494928,
18664700500,
15889975787,
15955689469,
1,
8,
13802542916,
15820297470,
15113855938,
15986338464,
13829757289,
135,
13427568636,
13802542916,
13798547513,
23115389,
13590444596,
13421804925,
13559240768,
13522812302,
13534294160,
15989521818,
18079410779,
15979553236,
13170946529,
18984236200,
13879475277,
6643218,
15879820026,
87244888,
13776642351,
18061778120,
13979471497,
13263940131,
13879475041,
13755968696,
6591758,
6590253,
13097046196,
66588776655,
13878163947,
13878163947,
3398033,
13807946758,
13010069050,
123456,
6596104,
13207941558,
13122335544,
13810831895,
15210491029,
15606695853,
15869395180,
13247745019,
4112660123,
13990919687,
13967605168,
13814873122,
18668098889,
13536596883,
1234567,
13874838958,
13787144629,
15558038069,
7318023388,
18073190783,
18603002505,
13435265636,
15969088924,
18520594361,
13710110395,
15622239162,
13719069231,
15817061258,
18620122798,
15071314818,
13710722458,
15071314818,
13360029681,
12532432,
15678890466,
57678495,
18321875250,
18899775591,
15037506060,
15338616233,
15190860607,
18668098889,
,
,
15881167289,
13355375266,
15219289111,
18906038088,
13588899966,
2216167,
62321785,
123456,
18087697349,
18177506136,
11111111111,
13510202912,
18616325867,
83529999,
15860501049,
1,
13138301026,
13073616611,
13923800360,
111,
13410857548,
13077882686,
18220376304,
13023753072,
15067451360,
11,
1,
8303116150,
15914017786,
13993898999,
18684983501,
18112554626,
13656744322,
7318789216,
18824678335,
18510667351,
13544222196,
13537530625,
13819651552,
1,
13758724822,
18909905221,
13651473462,
15889545129,
13028893009,
82602535,
18929301048,
15224160718,
18658880227,
13332855988,
18667119230,
13485171178,
5795666,
15925637030,
18757103226,
15888868939,
15088606582,
13266608864,
13477388789,
15899784125,
18926986819,
13979461973,
13826319921,
25897586,
13339113306,
18979413695,
15946990638,
13826319921,
13699599952,
18675849196,
88218820,
13551267314,
13030898771,
18782053791,
13598925881,
6691728,
13030580685,
15946990032,
15170400993,
15923259636,
13134337544,
12341231231,
13974842825,
15389030331,
13954969300,
15991796388,
13291815293,
15924100978,
15692339600,
13954969300,
1111,
111,
,
18068992997,
18063031020,
34432,
13013532712,
13967889021,
13580853255,
,
13027521881,
13265759837,
13838383939,
18972002285,
18116150936,
18805072838,
15169887018,
,
21234322334,

13510298921,
13425551758,
15690915220,
11,
18503981828,
13725548585,
13886262372,
13715106151,
15019278597,
13839805757,
13039381906,
13855182257,
18606534711,


1,
1,
8745522,
,
11111111111,
13856990631,
13009705288,
13001231,
63858248,

18689882288,
13469547654,
53456345,
13393808980,
68976542,
15803755509,
15999506163,
7016412,
83913131,

,
22,
2038783912,
18659259965,
,
36866588,
18805072838,
7663256987,
1056198567,
13826011651,
18123668621,
123456,
15370469582,
11111111,
18955657097,
15088648571,
15000111001,
13702922466,
13790886066,
18537333085,
9338501446,
7016412,
15160527337,
15659043458,
123456789,
13907228028,
13184497965,
15656581850,
15932967484,
1234556,
?¡é???¡°¨¨?¡À
18088870465,
123456,
123456,
123456,
13471173435,
13530014068,
13043466150,
18609999999,
1,
13009898909,
18588270755,
13650586438,
11111111111,
13607945828,
56963265,
13529586554,
13510121041,
13713856424,
13682498747,
38623608,
15066673630,
13450227653,
13335535771,
13078888234,
,
15259193375,
13960128626,
15911471400,
,
15807948912,
13838383838,
15099997200,
13244556677,
7715335,
18218597757,
13660562897,
13898234422,
11111111,
18920751789,

13789564231,
18926552888,
8546385412,
13705324700,
13505324700,
15279478055,
18920751789,
13197826568,
15079455916,
17722527600,
13723736424,
123,
13517040659,
135,
13632641407,
15542560502,
13712298100,
18977397665,
163,
13588767697,
15723249933,
15723249933,
18793582394,
18793582394,
18156016196,
15974507979,
15946954589,
13817388912,
13014642964,
13557021765,
11111111,
18991653373,
13078888234,
53827428,
1681754486,
18976532728,
13764787757,
18721363274,
13916791990,
13699149393,
15801837652,
13816554002,

15221552114,
13515791625,
15521683926,
18606291998,
13917169127,
18970471059,
,
13472646677,
15121064509,
,
57984106151,
57984106151,
18790239590,
13510200001,
,
12345678912,
18671659758,
18507769726,
13632523742,
15818819416,
15818819416,
18677133286,
18378830809,
18612609927,
15177479310,
13548756845,
15077177179,
13788708063,
15077003929,
13387713508,
18212609927,
13989807315,
18677077304,
13669607348,
13834109334,
13627711839,
15777131606,
15878783602,
13026916253,
18511019089,
13878190187,
18122870168,
13713987715,
13823195213,
13207185306,
13632624742,
15846102988,
18797418751,
13520641171,
13602595661,
13602595661,
15818741813,
18702326190,
18355388988,
13965161266,
213498708,
13602595661,
88123285,
1,
2,
15056065788,
1,
64908625,
15912462636,
13992859212,
1,
1,
1,
1,
1,
11111,
18904211819,
15060989933,
15060870989,
88481546,
13549334490,
13431596538,
13713986998,
13959268141,
2423342,
18719133925,
13902607658,
18911095244,
15225851444,
13385566656,
15514072459,
13902917639,
13510200335,
15521741818,
13077749698,
11111111111,
18677148211,
13761677476,
1353783192878,
13817282776,
18621514936,
13517711927,
18911095244,
15801176929,
15801176929,
13182882000,
13825485548,
15160288882,
15291597771,
13814873133,
11,
12,
13501778808,
13883982351,
18088269882,
15322661993,
5168388903,
13149476876,
1234567890,
15936957887,
13425501036,
13851425056,
18777701788,
13926561102,
13606203321,
13480880928,
138,
13829276609,
15857452666,
13903005654,
15277771992,
13962265333,
15169887018,
13426397274,
18601111750,
111,
18392071848,
13515791625,
13850735596,
24234123123,
15755172349,
13800138990,
13901298890,
13800138000,
13206428811,
15376318088,
18667183019,
18817780336,
15629059115,
18610812280,
18777779999,
13692190270,
2151990888,
18602220678,
18055424567,
,
13933316292,
18302495559,
13080550613,
13560761678,
13407069306,
7,
18743086162,
,
11,
13790222530,
18081051097,
13777700907,
13662621977,
85055820,
15962642251,
15857780618,
13816272518,
18732196760,
18823802817,
18022200022,
18796117157,
1,
18602220311,
15820466636,
13763197559,
18650838183,
18650838183,
13728199802,
13760460951,
18982937537,
18982937537,
18982937537,
18982937537,
1866511736,
18220591089,
8313417,
15817523007,
13479465401,
15820484796,
13751333312,
13652551380,
15028809982,
15920095421,
15028809982,
15028809982,
344354654,
13412455280,
13036126368,
18641322995,
15028809982,
1456,
15028809982,
15028809982,
15028809982,
15815819246,
4,
15028795044,
15028809982,
18126197173,
13570876060,
13879864562,
15132856660,
123,
15028809982,
15028809982,
15028809982,
15930161202,
15175862151,
15028809982,
18908900020,
15897067878,
18632931738,
18319162810,
15028809982,
15028809982,
15028809982,
15663646775,
18617610790,
1111111,
13827999994,
1390000000,
18875885913,
88500166,
13538935360,
18918510127,
13223454356,
18668431118,
18054231179,
13073616611,
13073616611,
13480853696,
13434783615,
13366864655,
13311296520,
13156258658,
18925228029,

13790886066,
18925228029,
18925228029,
1,
13790886066,
18976203939,
13509098112,
13832775204,
18899500825,
13933881144,
13535841951,
13721420713,
1,
13080550613,
111111,
6102116,
15029944222,
15910011001,
1,
15380840028,
,
15507659433,
15802734162,
13524189250,
55,
,
13036886252,
18634338172,
18055424567,
13452457119,
15657376038,
13510298928,
26833213,
26833213,
123456,
,
1,
18729537985,
13737315879,
120,
18948350289,
18688926836,
13501551675,
13901153119,
5415015,
18946796559,
18037499950,
15926375571,
15837106321,
1,
15950043263,
82602535,
15555587770,
13232573132,
15618495557,
13083838438,
15897067878,
15816138085,
15217355838,
15269292956,
15269292956,
83861330,
1,
18670722796,
3333333333,
12345647896,
13659944438,
18126300186,
13088855509,
1,
13088855509,
15867270513,
18789890411,
13538128006,
13538128006,
13509683889,
13537831928,
13537831928,
13590327220,
18123856879,
123456789,
13924601085,
13410949194,
13691917190,
13556809338,
13556809338,
13825276215,
13798356834,
13603061085,
13510556183,
1,
1,
1,
1,
1,
18938833446,
223112233,
,
2151990111,
18990811599,
13203055516,
13605807187,
12345,
1,
15820761365,
18913246251,
18685176911,
15877325589,
22905078,
18655126789,
15952700322,
14747158186,
12345678901,
18831889329,
18664745571,
,
186,
1,
15313248168,
18505599292,
13713837728,
13234990005,
13728980421,
15519590933,
18959081122,
11,
13350811651,
15818623445,
15136455177,
13375582527,
13246759289,
6363872,
13613807171,
1350000000,
13729872980,
1,
15858186887,
13392878062,
13897980878,
11111111111,
123456,
13804904881,
15875834008,
123456,
13599269024,
13609627174,
15901087380,
86995138,
123456,
18940368836,
21,
109,
201,
15397339715,
106,
107,

15983008880,
13798403092,
3512000000,

203,

,
2782345346,
15290163565,
13729827239,
18507725571,
18977204458,
18649314967,
,
1,
13605180040,
13173212321,
18072967163,
18611185576,
13579670255,
18682369223,
15974337248,
18507725571,
13055233330,
11,
18682369223,
13600912340,
1368958235,
13800138000,
13728832106,
1,
13712555779,
15874337650,
13672778966,
13002867516,
6336222251,
18957952555,
13126898866,
1,
13653653660,
,
13690929222,
18965793225,
18912284846,
18912284846,
1,
18965793225,
18505510327,


18676717792,
13609623121,
15913059090,
15386175988,
13480888220,
13416625804,
13079498716,
18310384798,
1,
13418054004,
123456,
13689553860,
18661657613,
13824462488,
13538724766,
15013536437,
,
,
18316625119,
18200704718,
13353004191,
13983989433,
15208789723,
12345678900,
13605180040,
13605180040,
18013581244,
15362656587,
15073894345,
13775948606,
13923772752,
1,
1,
13215520011,
1,
1,
13714063803,
13509649302,
1,
13602506077,
88979988,
123456,
1,
13182925604,
,
18958672222,
1,
18991655575,
18828050525,
1,
15759609508,
13951927755,
18912284846,
67349959,
67349959,
67349959,
33514479,
15814068286,
13202477340,
13410602928,
18320778142,
18682246188,
13534179957,
67982036,
67982036,
67982036,
13728799948,
13202477340,
123456,
18958928232,
13585881988,
18818521010,
1,
13143900330,
13924550075,
872448888,
15019601848,
,
,
,
13702922466,
13516638679,
13927269356,
1,
18664629830,
13420898668,
1,
13771766015,
18026647890,
18551312476,
,
,
,
,
13736672493,
,
15515774860,
,
,
15538039372,
15057204200,
,
,
,
,
13802203089,
,
,
,
,
,
13688213365,
,
,
,
,
18067218008,
,
,
,
15155541010,
,
13679266632,
15801665528,
,
,
11111111,
,
,
,
,
,
,
,
,
1,
,
,
18385153301,
,
,
,
,
,
,
,
,
,
,
,
,
,
,
,
,
,
,
,
,
,
13590292612,
,
,
,
110,
,
,
,
,
1,
,
13857690297,
18366189169,
,
,
3189993,
,
1,
13728858113,
,
13460333017,
,
,
,
,
18551654169,
,
13424196232,
,
18962641149,
18912284846,
15909386488,
15851350072,
15896273767,
15190860607,
15162779211,
18552305759,
12345678,
18071604886,
13376139461,
13485171178,
13861747093,
13773690980,
15262720707,
13921670042,
15651311720,
18015228297,
15996635360,
13912266443,
13328085843,
13615216930,
13315789426,
18626382434,
15896275790,
15298871233,
13951312192,
18657817192,
15262731080,
18605935930,
18888056886,
18206277150,
13401209098,
18251344094,
15950869073,
18605935930,
15190894291,
1,
1,
1,
18995503837,
111111,
13311314123,
1,
15371976268,
115651333623,
4616425,
1,
13914381020,
1,
1,
1,
1,
1,
1,
1,
1,
1,
1,
1,
1,
1,
18851312537,
1,
1,
13914391510,
1,
1,
15962976007,
13511591487,
1,
18912276319,
13600905797,
13529280560,
18912278319,
1,
13687422809,
15366348155,
1,
15035569896,
13921672247,
1,
18206272800,
1,
1,
17704050422,
18021464500,
1,
1,
123123,
15162830009,
1,
1,
1,
13776937916,
1,
1,
1,
18752869895,
15062555900,
1,
1,
13405739331,
13328075895,
18021381365,
15162780180,
13510062520,
1,
1,
1,
1,
1,
1,
1,
15895998466,
13662289898,
1,
1,
13681589743,
1,
1,
13611990866,
15989493524,
1,
13717479258,
13690398561,
13717479258,
13702977187,
13929989227,
13006702093,
1,
13702977187,
13687401389,
1,
1,
1,
1,
1,
1,
1,
1,
1,
1,
1,
1,
18189763313,
1,
1,
15118588342,
1,
13185269536,
1,
15099873186,
1,
13622504979,
23456789,
1,
13538980460,
1,
1,
1,
1,
18872529585,
18929393570,
135,
6666666,
1,
13629736310,
1,
13882855690,
15068998602,
1,
1,
15802734111,
18850156517,
1,
1,
15805910191,
13996161061,
1,
13647667398,
1111,
13600905797,
1,
15302348206,
1,
1,
13809203180,
13393016282,
18625358826,
1,
13866072732,
1,
13865927292,
1,
13282175107,
1,
1,
1,
1,
1,
13528660044,
1,
13996236683,
1,
15652590883,
1,
15819092749,
1,
1,
1,
1,
15900794860,
1,
1,
18151090689,
15375394711,
1,
1,
1,
1,
2566018619,
1,
111111,
18653178411,
1,
1,
13923813280,
18923835900,
18928482582,
13392878062,
18302149745,
13816651654,
18721610796,
1,
15365385188,
15214326818,
13681888209,
13851585310,
18302187043,
18302187043,
18801177708,
13751828558,
15300030002,
18961759149,
15221046375,
13435322116,
13681708969,
13774426805,
18701720950,
13764621035,
15121173872,
18701453771,
111111,
,
15056065788,
111111,
158,
15968080559,
67342,
2785780647,
18998283022,
1,
1,
1,
1,
63631234,
1,
1,
1,
1,
1,
1,
15013602456,
186,
1,
1,
1,
1,
1,
1,
1,
13977882437,
1,
13687754567,
7527525744,
13759918016,
13815814579,
13777513419,
18042065790,
18868891052,
15026945397,
18670318315,
13650204448,
18608986276,
18005775755,
13811725255,
18720951185,
13016366838,
11,
15920147777,
15618271615,
18868673124,
18360222664,
15000766778,
11,
18656134196,
15875210828,
18309858848,
13774426805,
13681915852,
18321320750,
13929964692,
15900419868,
1111,
18838150372,
13316611668,
13991842609,
18874632606,
4,
13528663489,
13588399850,
15913811581,
13866157132,
15899955831,
13539308001,
927618811,
13983481252,
18027330664,
4353533,
18578959887,
1,
1,
15810574806,
1,
1,
13800138000,
1,
18823147587,
15902149689,
13813626640,
13912402027,
18012733580,
15687898471,
5126565823,
18151115121,
15671688114,
15091141035,
13802560341,
15905185774,
13166104002,
15012966192,
13822234530,
13052363233,
12345678909,
15380840028,
15542406061,
82226897,
1,
18508400391,
18355173801,
13236414561,
6479970283,
13866163426,
15359242086,
32452345234,
18996111607,
13371518009,
13094731301,
888,
15142554741,
18218597757,
13594970730,
15021332819,
13509711732,
18616354463,
15618547366,
18126300186,
15807930616,
15577733067,
1,
15116997988,
15813888602,
15302348206,
13047094980,
9003935,
18012733580,
2711077,
11111111111,
13939004028,
1,
15162526624,
18452778110,
15151755639,
13855534385,
18083170800,
13244102220,
15121455684,
15617789331,
18405736382,
13016366838,
13959891158,
8866177,
123456,
18877889999,
13710990981,
15111045985,
18788844369,
18019924093,
13754611774,
18914100005,
15302348206,
123456,
13800138000,
88096170,
123123123,
13823418226,
13861558481,
11111111111,
69790196,
18711086016,
18530853073,
13966655039,
13965076098,
13917171669,
13915215967,
13716260299,
69790196,
8866177,
15850267262,
13628494441,
13628494441,
18693405006,
13464720111,
13427530787,
13855891799,
18656011321,
15105511810,
13515511341,
123698523,
8010518,
13964150768,
1561,
13728926085,
136,
12345678987,
13521454735,
15118232642,
18054237697,
63633688,
13381119041,
15135905598,
15150663996,
13197771118,
13989281760,
18983851698,
28115605,
13981137168,
18523044763,
13368265913,
18732196760,
15169887018,
13399911418,
13715234512,
18312488989,
18312488989,
88383883,
13477019390,
15001026331,
18660045843,
11111111,
18203536363,
153,
136,
130,
136,
136,
13137706386,
137,
138,
134,
135,
11111111111,
134,
158,
131,
134,
15955118820,
159,
137,
134,
132,
130,
131,
2154260876,
139,
139,
18919645492,
18621116691,
13866125294,
13956906628,
13966711546,
15955130567,
15900746314,
13056002323,
110,
62221563,
18028605106,
18375162570,
15169887018,
15821980852,
13956039506,
15888811063,
12345678901,
18654129385,
13966727752,
13582176991,
18756035775,
13645511696,
15093456961,
15637153555,
123456789,
1111111,
13381119041,
15810105421,
18611795024,
18317160046,
18801171603,
18001351026,
18610037873,
13301107559,
13811825683,
18510249033,
13557535536,
15701590235,
15689803676,
15026876386,
15861608750,
18650750057,
13367528732,
15932915888,
15489423524,
18968025283,
18137338136,
18621906387,
13012356245,
123456,
15983521216,
15280206538,
15158751931,
15658886661,
15983521216,
5863668,
13682380918,
18605137108,
13466683633,
13562237752,
18356097853,
13600787522,
18858278939,
18927415113,
18124500190,
3456354654,
13700058644,
15945627412,
13383323519,
18205873139,
18205873139,
18664745596,
123456,
18997261291,
18510332869,
15759288707,
13861058994,
18658777895,
13777785343,
18913596290,
13906190515,
63335028,
13800138000,
13051843211,
18611784977,
13716260299,
1,
13939004028,
12345678912,
13379209746,
13735672527,
26621788,
18331411154,
18927594919,
13728950027,
18217045636,
18502059796,
6102116,
15256986985,
134,
152,
134,
186,
135,
132,
136,
18922785968,
111111,
13052450780,
13073777276,
88008847,
18112629926,
13715729656,
15012903722,
15615593351,
1,
18189248821,
18717233752,
18729401943,
18226617678,
13514988064,
15107166139,
13956060196,
15288462198,
13604880655,
18262449566,
15715695297,
13662577605,
13539820582,
13533762022,
,
13794712614,
18107625606,
13553204777,
15976739098,
13800138000,
,
13999278083,
13510482666,
1,
15980380372,
18912647757,
12345678,
15806614450,
18909905221,
18121775969,
15583106258,
13322981070,
18866399341,
18678770730,
18911459185,
15866770651,
13268069558,
13287210103,
15353527585,
13585901111,
18610871334,
13252284656,
15518006620,
13322515705,
1234567,
13005099155,
13480879897,
13876080956,
13,
13913913913,
15884585827,
15228031400,
13976644881,
13006096633,
13145949126,
46562,
13637634817,
13206619168,
18256004136,
13800138000,
1111111,
15513483666,
13168880719,
,
13811534871,
13307471622,
13754829950,
13609413955,
13319804344,
5107264,
18666595499,
18629399670,
18629399670,
15209920992,
13625008676,
62221563,
123123123,
,
18125062511,
13766765673,
18667402175,
15921388885,
86913958,
11223344,
,
13524849925,
15879895096,
198828,
15172552622,
15888999007,
13898156780,
13988179750,
13410496990,
18256037829,
111111,
13886262372,
13500000000,
18929378846,
13760633280,
13688519515,
18182069772,
13665916098,
13456942303,
15928506013,
18048520613,
13650327098,
,
13,
62033980,
62033980,
18638631975,
1,
8172356789,
13313033633,
,
18520351606,
15062249808,
18068812118,
18251942455,
13328056573,
15151861258,
13923819306,
18059833971,
15051854910,
1389848988,
18291455899,
15867445538,
15867445538,
18858471019,
13870523554,
13958309697,
15867445538,
15077870771,
13913034234,
55555,
8888,
18382921555,
18957422379,
18368476346,
8521564,
18944965556,
13535517883,
7894456,
13712132477,
15801665528,
13951268012,
15988585877,
15988485788,
15966585877,
,
,
13652270303,
,
,
,
,
69285,
,
,
,
,
,
,
1,
1,
1,
13355668899,
18921719229,
13460459931,
13713718674,
2,
13112652386,
15996283472,
18676758518,
65223009,
18969702958,
18919626289,
18256460690,
15116997988,
13570863102,
15960154664,
18576577230,
18607696285,
15843024262,
13929881703,
15867166751,
18935349991,
12112345678,
11111111111,
18777515460,
13540242705,
13554363466,
130,
13761550337,
18916883926,
15371918598,
18976645789,
123456789,
13577018919,
13554363466,
15986715876,
28702889,
18500193223,
13288252969,
13505030553,
13505030553,
13505030553,
18938515688,
13723423571,
15686172993,
18220061001,
18391093451,
18591081752,
203,
209,
34534545,
1111111,
13505030553,
123456,
,
14752667601,
18774985559,
,
15810497855,
18620028080,
15333809599,
15919880478,
123548,
13958048910,
13938449197,
23021832,
1,
18539978517,
2150786077,
15638296896,
13373940520,
18838251803,
1,
13923403044,
13533217171,
15158751931,
18025778495,
8805528,
13924496266,
13543177172,
13650951876,
15016305050,
,
15014355276,
18128482569,
13538913046,
12234324,
1,
1,
13435688038,
13631603302,
15980663714,
,
131,
13560555829,
13537585717,
13537585717,
15277522318,
5,
13500082764,
15116937588,
111,
13929992267,
13450798331,
18753139197,
13917216949,
13917216949,
,
13751922868,
13580802260,
13600912340,
13526517278,
13305317886,
13573762222,
13811222330,
13620031519,
13827357328,
13322672053,
1,
5485498,
13035148172,
18222264783,
15380840028,
15380840028,
18260006591,
18659545552,
13813943202,
13705153345,
13851792085,
18752004457,
12345678912,
18751953177,
15051884571,
5778888888,
15692029089,
1234567890,
12345678912,
18689882288,
12345678912,
15113225390,
1,
13790107219,
18855108851,
18955112145,
18055190614,
15951561965,
1,
13303369006,
88,
13938221005,
18951785755,
1058004006,
18623354213,
13711944070,
13393711588,
13393711588,
18867625168,
13975153938,
18782994356,
13810675896,
15807930616,
15807930616,
13940998984,
18721742567,
15305638258,
13771545232,
2242343,
13407036789,
13859966655,
13790092537,
18605399030,
18370034888,
18609637111,
13750628388,
18506084956,
424242,
18610987774,
15959340790,
13570808801,
123123123,
18684980167,
15068723713,
15058700494,
15378793282,
6343453,
456456456,
15978170001,
13755607919,
13222222222,
5633333333,
18237112359,
13861417908,
13613092344,
15911135339,
13768640474,
13590053697,
15980192230,
18213860391,
18976678506,
18925716363,
18925716363,
15679318581,
18679341587,
18962808015,
13521938183,
15860707577,
15962642251,
,
15391919955,
11,
15880201786,
15240036612,
13073717359,
13690988854,
15880201786,
18909905221,
13260714098,
18857160831,
18677773776,
15914168212,
5954541544,
11111111111,
13800138000,
18203336906,
11111,
13822262052,
18693171999,
18912953890,
15150904725,
13406925785,
13393711588,
15874941337,
18221036562,
18319162810,
13991957109,
18050446277,
18616361706,
18737794309,
18684883273,
13891822242,
15980869546,
18780075670,
13905933330,
3331096,
2156671772,
15860707577,
18908900020,
13409032929,
12,
15938756986,
13051860351,
13241892526,
8,
15805869245,
85696669,
15958674272,
15268864539,
,
18660286636,
13255968335,
15834180388,
15834180388,
11111111111,
15953133817,
13356457986,
13716903491,
,
13535358484,
13400000000,
4671468,
13661363632,
11111111111,
18696590385,
15851818022,
13710900578,
15380840028,
13527211444,
6263111,
18142089702,
13681590139,
13782364661,
12345678912,
12345678912,
13212300625,
18623623137,
13594477386,
15380840028,

13813943202,

13401483561,
123,
323,
226,
224,
18028710968,
15838374698,
12524525452,
18028710968,
13839393939,
139393939,
13713501949,
13574888634,
15305178835,
1,
2566018619,
15697011555,
11111111111,
13222157086,
13973182933,
18692808500,
15962943053,
15961143826,
18762275252,
18012448889,
13902992296,
13507474744,
18818188181,
15190868308,
18952013456,
11,
1,
18142089702,
13291759909,
15505882811,
13197027515,
15868000856,
13817159382,
15878803186,
13763369890,
18202019837,
,
13011197811,
13888888888,
18389817095,
134233332,
3434343,
5435435353,
13830137314,
13547879290,
242342,
13886262372,
17712210737,
123456,
18743728579,
13213220391,
15537398882,
15537398882,
13503808763,
13503809397,
15236639016,
13883035081,
13770331957,
13122271011,
18681947092,
18615254440,
111111,
82552379,
13356465858,
18057473508,
13632788723,
5701234567,
1,
18006719200,
18667166669,
13927709187,
15001991853,
13241892526,
1,
18602121456,
15013000993,
15101040063,
79698791,
15888801284,
18006719200,
15814219388,
1815109689,
13527863669,
18772200871,
15961009023,
18861506663,
18661975228,
15251521832,
18603002505,
1,
56230308,
18816859859,
,
13770961221,
18011985103,
18948326678,
18033442514,
15612775692,
2308987,
13622693657,
1,
13732413399,
13566712807,
13622693657,
18918355197,
13071397039,
13622693657,
18676917968,
18603002505,
15821639961,
13729676297,
18318225905,
15818021626,
15119934848,
13690834630,
13535898961,
18028101039,
13763265923,
13925442932,
13673690802,
18666522080,
13712799921,
1,
15899837864,
18825898546,
752782,
13724595595,
15875700948,
13978905575,
18613021941,
18988683787,
13710946025,
13724693920,
15918189932,
15916960244,
18566486658,
18820216175,
18073074050,
13215370615,
13377785937,
18223101928,
18223101928,
13538488491,
?¡ª?
15697699182,
15118269065,
13397651165,
13548945902,
13929165456,
18682052049,
13602317908,
13602317908,
18682013790,
123456789,
13751891177,
18577221113,
15015222125,
13197596526,
18175715965,
13825700717,
13798771071,
13553891918,
15814222272,
13434581211,
13929450066,
13713266894,
13560814303,
15821839961,
15916980489,
13712887306,
15307364499,
15817437540,
13728376382,
12345678,
13633022393,
18820731565,
15015688277,
13066689998,
15015688277,
15225099218,
13268807980,
15858582100,
13537354813,
13712844307,
15678010479,
18879909828,
18673497409,
11111,
13794420611,
18218632922,
13610069144,
15918592948,
13331165461,
18319966029,
18719154758,
13668984601,
13716481211,
13669829072,
13980946053,
18862977721,
34242432422,
15705822023,
1,
1,
1,
1,
13930298817,
18924538886,
18818802582,
15632456544,
13982229774,
213433324,
13862017439,
13862017439,
18958808162,
80660777,
182092007217,
13800138000,
28867108,
15925637030,
15088606582,
18969104968,
18668431118,
18667119230,
13547879290,
77896585,
15017651375,
18035519969,
13309238673,
13913855434,
13622693657,
15061812465,
15983008880,
13340219072,
13115166341,
18306613973,
13424603840,
32432423,
18733118580,
13714265577,
13125523376,
,

13003979389,
13005099155,
13016426556,
13019358551,
13028009450,
13040899505,
13044255740,
13045640673,
13046468976,
13057757265,
13058488333,
13067935288,
13068423232,
13073615997,
13075125422,
13075997088,
13083495440,
13101429093,
13110146213,
13122461657,
13122522376,
13145810042,
13148899404,
13159252086,
1316616159,
13208918319,
13215716868,
13229583119,
13240138248,
13248027651,
13250567835,
13305562571,
13307424810,
13307688686,
13309238673,
13311300960,
13319552428,
13321103805,
13322643709,
13327995299,
13328760628,
13340219072,
13363904649,
13365037566,
13365116205,
13370161104,
13377780696,
13380131383,
13382039884,
13389240924,
13392865903,
13397329488,
13397666198,
13397784045,
13400558885,
13400737834,
13414738206,
13415107385,
13416120101,
13424196232,
13425229424,
13427266777,
13428907599,
13429145716,
13430104740,
13432354564,
13451650600,
13452782131,
13477946888,
13480054555,
13480242700,
13480859918,
13482833776,
13484154443,
13501583893,
13502296321,
13506744886,
13509625277,
13510086096,
13510185916,
13510427097,
13510446555,
13511075490,
13511116661,
13511325632,
13511599077,
13515635739,
13516966718,
13517660646,
13521938183,
13526877337,
13527186811,
13527489543,
13527497563,
13530300014,
13530838336,
13530882772,
13531368454,
13531519990,
13535517883,
13539554236,
13540129130,
13540644971,
13543296197,
13543331610,
13543893298,
13543902878,
13543950640,
13545010161,
13545828795,
13546355988,
13552397774,
13553249911,
13553832822,
13556859336,
13558774846,
13559226578,
13560038091,
13560488558,
13564804008,
13577738190,
13577741285,
13584189849,
13584529862,
13585201626,
13589802000,
13590376434,
13590451713,
13590701978,
13594298798,
13595544277,
13600385363,
13601278625,
13602529170,
13602595661,
13603593637,
13604940119,
13606049014,
13609926798,
13611871585,
13612336372,
13616458668,
13622693657,
13622850321,
13631389174,
13631503365,
13631507992,
13632395857,
13633838931,
13639950068,
13644903259,
13650035500,
13650386688,
13651718388,
13651906182,
13656426375,
13657404502,
13660091003,
13660409481,
13660454600,
13664303731,
13667280703,
13668117563,
13669863980,
13670250669,
13670561690,
13671610272,
13678187212,
13679355930,
13679999816,
13681708262,
13681846569,
13682584644,
13688213365,
13690044267,
13692119173,
13694279872,
13702775920,
13703922569,
13705037073,
13708735443,
13711511391,
13712277703,
13713055055,
13713615980,
13714244726,
13717115174,
13719036774,
13724065665,
13725068717,
13726004044,
13732413399,
13732661937,
13733366339,
13736669239,
13751003383,
13751520401,
13751746330,
13751866784,
13753356048,
13754881998,
13760157043,
13760293389,
13761693815,
13763022686,
13764338785,
13765419539,
13768056679,
13769311598,
13770821361,
13770961221,
13771042333,
13771979158,
13776677321,
13777652645,
13779993212,
13788140881,
13788823733,
13790654929,
13798283031,
13798362011,
13798513002,
13798812956,
13801381559,
13802703389,
13804481330,
13804954139,
13805846315,
13807528303,
13807899955,
13810737011,
13810753653,
13810903713,
13811179491,
13811192955,
13818363770,
13818513340,
13822214663,
13822337080,
13823081255,
13823106638,
13823116393,
13823522784,
13823669155,
13823869371,
13826159881,
13827237606,
13828766744,
13831377787,
13835232368,
13837403823,
13838544243,
13847083456,
13850779775,
13851687873,
13851765301,
13857717155,
13861417908,
13861507760,
13861800099,
13864737199,
13875555495,
13876270939,
13881835007,
13883706030,
13888249600,
13889333299,
13893666658,
13902623564,
13906043800,
13906667715,
13907452930,
13909114719,
13909160725,
13910509811,
13910567829,
13910893368,
13911776312,
13912752051,
13922203261,
13922376520,
13922721157,
13925038990,
13925167776,
13925796575,
13926546883,
13928926835,
13929563201,
13929980683,
13934549354,
13939229928,
13944850982,
13950486248,
13955389958,
13960838998,
13962149049,
13962195102,
13966907795,
13971493760,
13974320936,
13978332261,
13992841883,
13996236683,
13999230613,
14768228258,
15003882978,
15004687623,
15012881995,
15013049959,
15019283737,
15021273822,
15023225749,
15035439397,
15046666097,
15050823657,
15052100910,
15057339599,
15061812465,
15062623822,
15063333758,
15071273201,
15088138439,
15098730898,
15099980582,
15099997200,
15100321120,
15103095719,
15105975030,
15110991154,
15114809300,
15118154141,
15118978781,
15120662277,
15159231563,
15163856818,
15169887018,
15175626417,
15176859133,
15189064368,
15201490096,
15220143575,
15238084764,
15241392420,
15251856139,
15261896896,
15269192001,
15315137535,
15321879311,
15323749870,
15325396888,
15339032075,
15339129522,
15357007475,
15357919311,
15360669711,
15362700353,
15372382552,
15375394711,
15500012210,
15500986475,
15501756789,
15502159316,
15514876688,
15541905000,
15549454944,
15571882222,
15576859467,
15578008151,
15578875187,
15579360447,
15611870832,
15617751856,
15626027799,
15638762612,
15657187546,
15671160374,
15686000798,
15710673440,
15730093578,
15738371595,
15800169998,
15803599728,
15805910191,
15805928707,
15807930616,
15812120551,
15813748029,
15814064223,
15814700606,
15820601566,
15824882995,
15825232899,
15835105444,
15837405531,
15860559493,
15861563152,
15865523771,
15865558111,
15868381128,
15875210828,
15875246016,
15888869088,
15899978140,
15901056159,
15901451236,
15906151680,
15908385326,
15914391910,
15920272015,
15921471171,
15927027169,
15929962711,
15936296554,
15939183399,
15951561965,
15957986478,
15958633803,
15968169428,
15971396435,
15977760406,
15980199165,
15980255680,
15988612087,
15989892537,
18002261668,
18006719200,
18007785766,
18009113819,
18009261819,
18010197828,
18015225846,
18017733793,
18017938713,
18019546215,
18019920770,
18022132989,
18022831588,
18026362130,
18026711858,
18028008417,
18028661852,
18030121228,
18049275921,
18055424567,
18060513346,
18065376652,
18073551953,
18078115593,
18081978502,
18094587182,
18099006018,
18103826830,
18105715123,
18106055106,
18106758977,
18123323771,
18123954117,
18126221137,
18148808515,
18166467675,
18182281448,
18184589256,
18189886363,
18190750328,
18191139255,
18193675412,
18202067373,
18205198573,
18207502443,
18207678387,
18219313989,
18219655956,
18221412805,
18232056162,
18237408096,
18239925587,
18270919086,
18310827559,
18312000821,
18319777706,
18320855236,
18328700729,
18328805409,
18376727095,
18387602478,
18399668957,
18405736382,
18462291628,
18503596687,
18505599292,
18507896690,
18513965999,
18514281122,
18516182728,
18523020638,
18538865815,
18553259265,
18565641379,
18566683354,
18566756005,
18576670073,
18600204198,
18600458445,
18602220311,
18602538498,
18602773599,
18602815525,
18604417185,
18604704937,
18605089008,
18610000722,
18611883033,
18612109445,
18612282267,
18612559772,
18614085969,
18615406683,
18616092056,
18616325867,
18616661988,
18617061926,
18618185047,
18620028080,
18621005123,
18623378899,
18628449481,
18631495027,
18635276338,
18640541300,
18644044567,
18651026737,
18651229187,
18651826761,
18662591658,
18665835388,
18665907910,
18666202173,
18668728898,
18669896996,
18672189293,
18677418610,
18682002944,
18682335009,
18684989724,
18686752616,
18688481277,
18688626363,
18688777657,
18692233595,
18695884258,
18696787198,
18700440078,
18700557923,
18700704784,
18707297717,
18708182172,
18717816110,
18757890136,
18766639700,
18767186900,
18768147112,
18782018988,
18805019767,
18810155567,
18810887868,
18818705275,
18824651588,
18825260887,
18840876167,
18843232910,
18858259854,
18906391055,
18910135696,
18915752830,
18916506882,
18922870266,
18923830089,
18924644158,
18924961615,
18925049968,
18925115488,
18925204819,
18926001380,
18926014331,
18926808098,
18929121210,
18929282159,
18948090809,
18948732469,
18948886615,
18956288813,
18971333397,
18973111868,
18977155305,
18978188060,
18982567892,
18986244488,
18991402539,
18992810266,
18994884898,
18999988761,
2905930765,
